0.01 -0.003772 0.00009056 0.04319 -0.06501
0.05 -0.01867 0.001849 0.1918 -0.2933
0.1 -0.0352 0.004379 0.3316 -0.5195
0.2 -0.05612 0.001741 0.5117 -0.8472
0.3 -0.06469 -0.008786 0.6185 -1.085
0.5 -0.06612 -0.03526 0.7364 -1.448
0.75 -0.05981 -0.06381 0.8104 -1.814
1 -0.05276 -0.08512 0.8521 -2.142
2 -0.03381 -0.1298 0.9215 -3.342
3 -0.02441 -0.1485 0.9469 -4.488
5 -0.0156 -0.1642 0.964 -6.719
7.5 -0.01065 -0.1716 0.976 -9.511
10 -0.008094 -0.1759 0.9817 -12.29
20 -0.004113 -0.1812 0.9902 -23.38
30 -0.002756 -0.1833 0.9935 -34.47
50 -0.001659 -0.1828 0.9961 -56.63